cycle,S,density
0,0.028,0.095
10,0.008,0.731
20,0.011,1.068
30,0.007,1.290
40,0.006,1.458
50,0.010,1.581
60,0.007,1.683
70,0.006,1.772
80,0.002,1.844
90,0.014,1.906
100,0.013,1.963
110,0.007,2.019
120,0.010,2.063
130,0.014,2.107
140,0.012,2.150
150,0.012,2.185
160,0.016,2.222
170,0.016,2.254
180,0.010,2.284
190,0.010,2.311
200,0.006,2.339
210,0.008,2.364
220,0.007,2.390
230,0.006,2.414
240,0.007,2.438
250,0.005,2.460
260,0.003,2.481
270,0.003,2.497
280,0.002,2.518
290,0.005,2.534
300,0.004,2.552
310,0.006,2.569
320,0.008,2.585
330,0.008,2.602
340,0.008,2.615
350,0.014,2.630
360,0.013,2.644
370,0.013,2.657
380,0.010,2.671
390,0.012,2.682
400,0.010,2.695
410,0.014,2.707
420,0.014,2.720
430,0.014,2.732
440,0.014,2.744
450,0.012,2.756
460,0.014,2.767
470,0.013,2.777
480,0.009,2.788
490,0.012,2.799
500,0.011,2.809
510,0.009,2.819
520,0.008,2.828
530,0.012,2.838
540,0.009,2.847
550,0.007,2.857
560,0.012,2.866
570,0.011,2.873
580,0.012,2.880
590,0.013,2.888
600,0.013,2.897
610,0.012,2.905
620,0.011,2.914
630,0.013,2.925
640,0.010,2.933
650,0.010,2.943
660,0.010,2.949
670,0.013,2.956
680,0.012,2.962
690,0.012,2.969
700,0.012,2.975
710,0.011,2.981
720,0.008,2.988
730,0.010,2.994
740,0.011,2.999
750,0.012,3.006
760,0.012,3.013
770,0.014,3.021
780,0.015,3.027
790,0.013,3.031
800,0.014,3.039
810,0.011,3.043
820,0.011,3.049
830,0.012,3.056
840,0.013,3.061
850,0.014,3.065
860,0.016,3.071
870,0.015,3.078
880,0.016,3.084
890,0.016,3.089
900,0.013,3.096
910,0.012,3.103
920,0.014,3.109
930,0.015,3.115
940,0.015,3.121
950,0.015,3.127
960,0.015,3.131
970,0.018,3.136
980,0.016,3.140
990,0.016,3.145
1000,0.014,3.149
1010,0.012,3.153
1020,0.015,3.159
1030,0.014,3.164
1040,0.013,3.170
1050,0.012,3.176
1060,0.011,3.179
1070,0.011,3.184
1080,0.012,3.188
1090,0.011,3.192
1100,0.011,3.195
1110,0.012,3.199
1120,0.010,3.203
1130,0.009,3.208
1140,0.010,3.213
1150,0.010,3.216
1160,0.007,3.220
1170,0.009,3.225
1180,0.012,3.230
1190,0.014,3.235
1200,0.014,3.239
1210,0.011,3.243
1220,0.011,3.247
1230,0.009,3.249
1240,0.011,3.252
1250,0.010,3.256
1260,0.010,3.259
1270,0.009,3.262
1280,0.011,3.266
1290,0.011,3.270
1300,0.011,3.274
1310,0.012,3.278
1320,0.013,3.281
1330,0.013,3.283
1340,0.015,3.287
1350,0.015,3.292
1360,0.013,3.295
1370,0.012,3.298
1380,0.013,3.301
1390,0.013,3.305
1400,0.013,3.309
1410,0.012,3.313
1420,0.012,3.316
1430,0.011,3.319
1440,0.013,3.322
1450,0.012,3.326
1460,0.014,3.330
1470,0.012,3.333
1480,0.014,3.336
1490,0.013,3.340
1500,0.014,3.343
1510,0.013,3.347
1520,0.011,3.350
1530,0.011,3.354
1540,0.014,3.357
1550,0.014,3.361
1560,0.013,3.364
1570,0.013,3.368
1580,0.010,3.370
1590,0.012,3.372
1600,0.011,3.376
1610,0.012,3.377
1620,0.014,3.380
1630,0.014,3.383
1640,0.013,3.385
1650,0.012,3.387
1660,0.011,3.390
1670,0.012,3.394
1680,0.013,3.396
1690,0.012,3.397
1700,0.014,3.400
1710,0.012,3.402
1720,0.010,3.404
1730,0.011,3.405
1740,0.012,3.407
1750,0.011,3.412
1760,0.010,3.414
1770,0.011,3.416
1780,0.010,3.418
1790,0.010,3.420
1800,0.010,3.423
1810,0.011,3.424
1820,0.012,3.426
1830,0.012,3.428
1840,0.012,3.432
1850,0.010,3.434
1860,0.011,3.435
1870,0.012,3.438
1880,0.011,3.441
1890,0.010,3.443
1900,0.012,3.446
1910,0.012,3.448
1920,0.011,3.450
1930,0.012,3.452
1940,0.012,3.454
1950,0.012,3.457
1960,0.013,3.459
1970,0.013,3.460
1980,0.013,3.462
1990,0.013,3.463
2000,0.015,3.465
2010,0.015,3.466
2020,0.016,3.468
2030,0.015,3.472
2040,0.015,3.473
2050,0.015,3.475
2060,0.014,3.476
2070,0.014,3.478
2080,0.013,3.480
2090,0.015,3.482
2100,0.015,3.483
2110,0.016,3.485
2120,0.015,3.487
2130,0.017,3.489
2140,0.017,3.491
2150,0.017,3.493
2160,0.017,3.494
2170,0.016,3.496
2180,0.015,3.498
2190,0.015,3.500
2200,0.014,3.501
2210,0.016,3.504
2220,0.017,3.507
2230,0.016,3.508
2240,0.017,3.509
2250,0.017,3.511
2260,0.015,3.515
2270,0.015,3.516
2280,0.016,3.518
2290,0.018,3.519
2300,0.017,3.521
2310,0.017,3.522
2320,0.018,3.524
2330,0.019,3.526
2340,0.019,3.527
2350,0.017,3.529
2360,0.017,3.531
2370,0.018,3.534
2380,0.019,3.536
2390,0.020,3.538
2400,0.019,3.540
2410,0.020,3.542
2420,0.020,3.542
2430,0.021,3.544
2440,0.023,3.547
2450,0.022,3.549
2460,0.023,3.552
2470,0.020,3.554
2480,0.022,3.556
2490,0.022,3.558
2500,0.020,3.560
2510,0.019,3.561
2520,0.018,3.564
2530,0.018,3.565
2540,0.018,3.567
2550,0.019,3.569
2560,0.018,3.571
2570,0.017,3.572
2580,0.018,3.573
2590,0.017,3.575
2600,0.017,3.576
2610,0.015,3.578
2620,0.016,3.579
2630,0.016,3.580
2640,0.015,3.582
2650,0.015,3.583
2660,0.015,3.585
2670,0.015,3.587
2680,0.016,3.589
2690,0.017,3.591
2700,0.016,3.592
2710,0.015,3.594
2720,0.015,3.596
2730,0.015,3.597
2740,0.015,3.598
2750,0.014,3.600
2760,0.015,3.602
2770,0.014,3.605
2780,0.015,3.605
2790,0.013,3.606
2800,0.013,3.608
2810,0.013,3.609
2820,0.013,3.610
2830,0.012,3.611
2840,0.013,3.612
2850,0.014,3.614
2860,0.014,3.615
2870,0.013,3.616
2880,0.015,3.617
2890,0.015,3.619
2900,0.014,3.621
2910,0.015,3.623
2920,0.014,3.625
2930,0.015,3.626
2940,0.015,3.627
2950,0.014,3.628
2960,0.015,3.631
2970,0.015,3.632
2980,0.016,3.633
2990,0.017,3.634
3000,0.016,3.636
3010,0.015,3.638
3020,0.016,3.638
3030,0.015,3.639
3040,0.015,3.640
3050,0.015,3.641
3060,0.014,3.643
3070,0.014,3.643
3080,0.015,3.645
3090,0.015,3.646
3100,0.015,3.647
3110,0.017,3.648
3120,0.017,3.649
3130,0.016,3.650
3140,0.015,3.651
3150,0.016,3.652
3160,0.016,3.654
3170,0.015,3.654
3180,0.015,3.656
3190,0.014,3.656
3200,0.016,3.657
3210,0.014,3.658
3220,0.015,3.660
3230,0.015,3.661
3240,0.016,3.662
3250,0.015,3.662
3260,0.014,3.663
3270,0.016,3.665
3280,0.017,3.667
3290,0.016,3.669
3300,0.015,3.670
3310,0.016,3.671
3320,0.016,3.672
3330,0.015,3.673
3340,0.014,3.674
3350,0.014,3.675
3360,0.015,3.676
3370,0.014,3.677
3380,0.016,3.679
3390,0.016,3.679
3400,0.015,3.681
3410,0.015,3.681
3420,0.015,3.683
3430,0.014,3.684
3440,0.015,3.685
3450,0.015,3.686
3460,0.016,3.688
3470,0.016,3.688
3480,0.015,3.689
3490,0.016,3.691
3500,0.016,3.693
3510,0.015,3.693
3520,0.015,3.694
3530,0.016,3.696
3540,0.015,3.696
3550,0.014,3.697
3560,0.014,3.699
3570,0.015,3.699
3580,0.015,3.699
3590,0.016,3.699
3600,0.016,3.700
3610,0.016,3.701
3620,0.017,3.702
3630,0.015,3.703
3640,0.015,3.704
3650,0.015,3.705
3660,0.013,3.706
3670,0.012,3.707
3680,0.013,3.706
3690,0.012,3.707
3700,0.013,3.708
3710,0.013,3.708
3720,0.014,3.708
3730,0.014,3.709
3740,0.013,3.710
3750,0.013,3.711
3760,0.014,3.712
3770,0.014,3.713
3780,0.015,3.714
3790,0.015,3.716
3800,0.015,3.716
3810,0.016,3.717
3820,0.016,3.718
3830,0.016,3.719
3840,0.016,3.720
3850,0.016,3.720
3860,0.017,3.721
3870,0.015,3.722
3880,0.014,3.723
3890,0.014,3.724
3900,0.014,3.725
3910,0.013,3.727
3920,0.013,3.727
3930,0.014,3.728
3940,0.015,3.729
3950,0.016,3.730
3960,0.015,3.731
3970,0.015,3.731
3980,0.016,3.732
3990,0.015,3.733
4000,0.014,3.734
4010,0.015,3.734
4020,0.014,3.736
4030,0.013,3.736
4040,0.013,3.737
4050,0.013,3.738
4060,0.012,3.739
4070,0.012,3.739
4080,0.012,3.740
4090,0.011,3.741
4100,0.010,3.742
4110,0.010,3.742
4120,0.011,3.742
4130,0.011,3.744
4140,0.011,3.745
4150,0.011,3.746
4160,0.012,3.747
4170,0.011,3.748
4180,0.011,3.748
4190,0.010,3.750
4200,0.010,3.751
4210,0.009,3.751
4220,0.011,3.752
4230,0.011,3.753
4240,0.011,3.753
4250,0.011,3.754
4260,0.011,3.754
4270,0.011,3.756
4280,0.010,3.756
4290,0.010,3.758
4300,0.009,3.759
4310,0.009,3.759
4320,0.009,3.759
4330,0.009,3.759
4340,0.010,3.760
4350,0.009,3.761
4360,0.009,3.762
4370,0.010,3.763
4380,0.009,3.763
4390,0.010,3.764
4400,0.008,3.765
4410,0.008,3.766
4420,0.008,3.767
4430,0.007,3.768
4440,0.006,3.768
4450,0.006,3.769
4460,0.006,3.770
4470,0.006,3.771
4480,0.007,3.771
4490,0.006,3.771
4500,0.007,3.772
4510,0.008,3.773
4520,0.008,3.774
4530,0.008,3.774
4540,0.006,3.775
4550,0.006,3.776
4560,0.008,3.777
4570,0.008,3.776
4580,0.009,3.777
4590,0.009,3.778
4600,0.009,3.779
4610,0.008,3.779
4620,0.009,3.780
4630,0.010,3.781
4640,0.011,3.781
4650,0.010,3.783
4660,0.010,3.784
4670,0.010,3.785
4680,0.011,3.785
4690,0.011,3.785
4700,0.009,3.785
4710,0.011,3.785
4720,0.010,3.786
4730,0.009,3.786
4740,0.011,3.787
4750,0.011,3.786
4760,0.011,3.786
4770,0.010,3.787
4780,0.010,3.788
4790,0.012,3.789
4800,0.010,3.789
4810,0.010,3.790
4820,0.011,3.791
4830,0.011,3.793
4840,0.010,3.793
4850,0.010,3.793
4860,0.010,3.794
4870,0.009,3.795
4880,0.009,3.795
4890,0.009,3.794
4900,0.009,3.795
4910,0.009,3.795
4920,0.009,3.795
4930,0.009,3.796
4940,0.009,3.796
4950,0.009,3.797
4960,0.009,3.797
4970,0.009,3.797
4980,0.009,3.797
4990,0.009,3.799
5000,0.008,3.800
5010,0.009,3.801
5020,0.010,3.803
5030,0.009,3.803
5040,0.009,3.804
5050,0.009,3.805
5060,0.010,3.806
5070,0.010,3.807
5080,0.010,3.809
5090,0.010,3.809
5100,0.011,3.810
5110,0.010,3.810
5120,0.012,3.811
5130,0.011,3.813
5140,0.011,3.813
5150,0.011,3.814
5160,0.011,3.813
5170,0.011,3.814
5180,0.010,3.815
5190,0.010,3.816
5200,0.010,3.816
5210,0.009,3.817
5220,0.009,3.817
5230,0.009,3.817
5240,0.009,3.818
5250,0.008,3.819
5260,0.009,3.819
5270,0.009,3.819
5280,0.007,3.819
5290,0.007,3.819
5300,0.007,3.820
5310,0.007,3.819
5320,0.006,3.821
5330,0.007,3.821
5340,0.008,3.822
5350,0.008,3.822
5360,0.007,3.823
5370,0.007,3.824
5380,0.007,3.824
5390,0.007,3.824
5400,0.008,3.825
5410,0.008,3.825
5420,0.008,3.825
5430,0.008,3.826
5440,0.007,3.826
5450,0.006,3.826
5460,0.006,3.826
5470,0.006,3.828
5480,0.007,3.828
5490,0.007,3.828
5500,0.008,3.828
5510,0.008,3.828
5520,0.007,3.829
5530,0.006,3.830
5540,0.008,3.831
5550,0.008,3.831
5560,0.008,3.831
5570,0.008,3.831
5580,0.008,3.832
5590,0.008,3.832
5600,0.008,3.832
5610,0.007,3.833
5620,0.006,3.835
5630,0.008,3.835
5640,0.007,3.835
5650,0.007,3.836
5660,0.008,3.836
5670,0.007,3.837
5680,0.007,3.838
5690,0.006,3.838
5700,0.006,3.839
5710,0.005,3.839
5720,0.007,3.841
5730,0.006,3.841
5740,0.007,3.842
5750,0.005,3.841
5760,0.007,3.843
5770,0.008,3.843
5780,0.007,3.844
5790,0.007,3.845
5800,0.006,3.845
5810,0.006,3.846
5820,0.006,3.847
5830,0.008,3.848
5840,0.008,3.849
5850,0.008,3.849
5860,0.008,3.849
5870,0.007,3.849
5880,0.008,3.850
5890,0.009,3.850
5900,0.009,3.850
5910,0.009,3.850
5920,0.009,3.851
5930,0.008,3.852
5940,0.009,3.852
5950,0.010,3.852
5960,0.009,3.853
5970,0.009,3.853
5980,0.010,3.854
5990,0.009,3.854
6000,0.009,3.855
6010,0.010,3.856
6020,0.011,3.858
6030,0.011,3.859
6040,0.010,3.859
6050,0.011,3.860
6060,0.010,3.860
6070,0.011,3.861
6080,0.010,3.861
6090,0.012,3.862
6100,0.011,3.862
6110,0.011,3.861
6120,0.011,3.861
6130,0.011,3.861
6140,0.011,3.862
6150,0.011,3.863
6160,0.010,3.863
6170,0.011,3.864
6180,0.009,3.864
6190,0.010,3.864
6200,0.010,3.865
6210,0.011,3.864
6220,0.012,3.864
6230,0.012,3.865
6240,0.012,3.865
6250,0.013,3.866
6260,0.011,3.866
6270,0.012,3.867
6280,0.013,3.867
6290,0.013,3.868
6300,0.012,3.868
6310,0.012,3.869
6320,0.013,3.869
6330,0.013,3.870
6340,0.013,3.871
6350,0.012,3.871
6360,0.011,3.871
6370,0.012,3.872
6380,0.012,3.873
6390,0.013,3.874
6400,0.012,3.875
6410,0.012,3.875
6420,0.012,3.876
6430,0.013,3.876
6440,0.014,3.876
6450,0.014,3.877
6460,0.013,3.877
6470,0.014,3.879
6480,0.014,3.879
6490,0.014,3.880
6500,0.015,3.880
6510,0.016,3.881
6520,0.015,3.881
6530,0.016,3.881
6540,0.017,3.881
6550,0.017,3.881
6560,0.017,3.881
6570,0.017,3.881
6580,0.017,3.881
6590,0.017,3.882
6600,0.017,3.882
6610,0.017,3.883
6620,0.017,3.884
6630,0.018,3.884
6640,0.018,3.885
6650,0.019,3.885
6660,0.019,3.886
6670,0.019,3.886
6680,0.021,3.887
6690,0.020,3.887
6700,0.021,3.889
6710,0.021,3.890
6720,0.020,3.891
6730,0.020,3.891
6740,0.021,3.891
6750,0.020,3.891
6760,0.020,3.891
6770,0.019,3.892
6780,0.019,3.892
6790,0.018,3.892
6800,0.018,3.893
6810,0.018,3.893
6820,0.019,3.893
6830,0.018,3.894
6840,0.019,3.894
6850,0.018,3.895
6860,0.018,3.896
6870,0.019,3.896
6880,0.019,3.897
6890,0.020,3.897
6900,0.020,3.897
6910,0.019,3.897
6920,0.019,3.898
6930,0.018,3.898
6940,0.018,3.899
6950,0.019,3.900
6960,0.019,3.900
6970,0.018,3.900
6980,0.019,3.900
6990,0.019,3.901
7000,0.019,3.901
7010,0.019,3.901
7020,0.019,3.901
7030,0.019,3.901
7040,0.019,3.902
7050,0.019,3.902
7060,0.018,3.902
7070,0.017,3.903
7080,0.018,3.903
7090,0.018,3.904
7100,0.017,3.904
7110,0.017,3.904
7120,0.018,3.905
7130,0.019,3.905
7140,0.019,3.905
7150,0.020,3.905
7160,0.019,3.906
7170,0.020,3.906
7180,0.021,3.906
7190,0.022,3.907
7200,0.021,3.907
7210,0.019,3.908
7220,0.020,3.909
7230,0.019,3.908
7240,0.018,3.909
7250,0.017,3.910
7260,0.017,3.910
7270,0.017,3.910
7280,0.016,3.911
7290,0.017,3.911
7300,0.018,3.912
7310,0.018,3.912
7320,0.018,3.912
7330,0.017,3.912
7340,0.017,3.912
7350,0.018,3.913
7360,0.018,3.913
7370,0.018,3.913
7380,0.017,3.914
7390,0.018,3.914
7400,0.017,3.915
7410,0.016,3.915
7420,0.016,3.916
7430,0.015,3.916
7440,0.014,3.915
7450,0.014,3.915
7460,0.014,3.915
7470,0.013,3.917
7480,0.014,3.917
7490,0.014,3.917
7500,0.014,3.917
7510,0.014,3.917
7520,0.013,3.917
7530,0.013,3.918
7540,0.013,3.918
7550,0.014,3.918
7560,0.014,3.919
7570,0.013,3.919
7580,0.012,3.920
7590,0.012,3.920
7600,0.014,3.920
7610,0.014,3.920
7620,0.014,3.920
7630,0.015,3.921
7640,0.015,3.921
7650,0.014,3.922
7660,0.015,3.922
7670,0.014,3.922
7680,0.014,3.922
7690,0.015,3.922
7700,0.014,3.923
7710,0.014,3.923
7720,0.014,3.923
7730,0.014,3.924
7740,0.015,3.924
7750,0.014,3.924
7760,0.015,3.924
7770,0.015,3.924
7780,0.014,3.925
7790,0.015,3.924
7800,0.015,3.925
7810,0.016,3.924
7820,0.016,3.924
7830,0.015,3.925
7840,0.015,3.925
7850,0.015,3.926
7860,0.015,3.926
7870,0.016,3.927
7880,0.016,3.928
7890,0.015,3.928
7900,0.015,3.929
7910,0.016,3.930
7920,0.016,3.930
7930,0.015,3.930
7940,0.014,3.930
7950,0.015,3.930
7960,0.014,3.930
7970,0.015,3.930
7980,0.015,3.930
7990,0.015,3.929
8000,0.015,3.929
8010,0.013,3.930
8020,0.013,3.930
8030,0.013,3.931
8040,0.013,3.931
8050,0.013,3.931
8060,0.013,3.931
8070,0.013,3.931
8080,0.013,3.932
8090,0.014,3.932
8100,0.014,3.932
8110,0.014,3.933
8120,0.014,3.933
8130,0.013,3.934
8140,0.013,3.933
8150,0.014,3.933
8160,0.014,3.934
8170,0.015,3.934
8180,0.015,3.934
8190,0.015,3.934
8200,0.014,3.934
8210,0.015,3.935
8220,0.014,3.935
8230,0.014,3.936
8240,0.015,3.936
8250,0.015,3.936
8260,0.015,3.937
8270,0.016,3.937
8280,0.016,3.937
8290,0.016,3.937
8300,0.016,3.938
8310,0.016,3.938
8320,0.015,3.937
8330,0.016,3.938
8340,0.015,3.938
8350,0.016,3.939
8360,0.016,3.939
8370,0.015,3.939
8380,0.016,3.940
8390,0.016,3.940
8400,0.016,3.940
8410,0.017,3.941
8420,0.017,3.941
8430,0.017,3.941
8440,0.016,3.942
8450,0.016,3.942
8460,0.016,3.942
8470,0.017,3.942
8480,0.017,3.943
8490,0.017,3.943
8500,0.018,3.944
8510,0.018,3.944
8520,0.017,3.944
8530,0.018,3.945
8540,0.018,3.945
8550,0.018,3.945
8560,0.019,3.946
8570,0.018,3.946
8580,0.017,3.947
8590,0.017,3.947
8600,0.016,3.946
8610,0.018,3.946
8620,0.017,3.946
8630,0.016,3.946
8640,0.015,3.946
8650,0.016,3.947
8660,0.016,3.948
8670,0.016,3.947
8680,0.015,3.948
8690,0.014,3.948
8700,0.014,3.948
8710,0.015,3.948
8720,0.014,3.949
8730,0.014,3.950
8740,0.014,3.949
8750,0.014,3.949
8760,0.015,3.949
8770,0.015,3.949
8780,0.015,3.949
8790,0.014,3.949
8800,0.014,3.949
8810,0.014,3.949
8820,0.014,3.949
8830,0.015,3.950
8840,0.015,3.949
8850,0.015,3.949
8860,0.015,3.950
8870,0.015,3.949
8880,0.014,3.950
8890,0.015,3.950
8900,0.014,3.951
8910,0.014,3.950
8920,0.014,3.951
8930,0.014,3.951
8940,0.015,3.951
8950,0.015,3.951
8960,0.015,3.952
8970,0.015,3.951
8980,0.015,3.952
8990,0.015,3.953
9000,0.015,3.952
9010,0.015,3.953
9020,0.015,3.954
9030,0.014,3.954
9040,0.014,3.954
9050,0.014,3.954
9060,0.015,3.953
9070,0.015,3.954
9080,0.016,3.953
9090,0.016,3.954
9100,0.015,3.954
9110,0.015,3.954
9120,0.015,3.955
9130,0.016,3.955
9140,0.015,3.956
9150,0.016,3.956
9160,0.016,3.957
9170,0.016,3.956
9180,0.017,3.956
9190,0.017,3.957
9200,0.016,3.958
9210,0.017,3.958
9220,0.016,3.958
9230,0.017,3.959
9240,0.016,3.960
9250,0.016,3.960
9260,0.016,3.960
9270,0.016,3.962
9280,0.016,3.962
9290,0.016,3.962
9300,0.015,3.963
9310,0.015,3.964
9320,0.015,3.964
9330,0.015,3.964
9340,0.015,3.964
9350,0.016,3.964
9360,0.015,3.964
9370,0.016,3.964
9380,0.016,3.964
9390,0.016,3.964
9400,0.016,3.964
9410,0.015,3.964
9420,0.015,3.965
9430,0.015,3.965
9440,0.015,3.965
9450,0.015,3.965
9460,0.015,3.965
9470,0.016,3.965
9480,0.017,3.965
9490,0.017,3.965
9500,0.018,3.965
9510,0.017,3.966
9520,0.019,3.965
9530,0.019,3.966
9540,0.018,3.966
9550,0.018,3.966
9560,0.018,3.967
9570,0.018,3.968
9580,0.019,3.969
9590,0.019,3.969
9600,0.017,3.969
9610,0.018,3.970
9620,0.018,3.970
9630,0.019,3.970
9640,0.020,3.970
9650,0.019,3.971
9660,0.020,3.971
9670,0.020,3.971
9680,0.021,3.971